loadNumber pickup dropoff
1 (7.842518805701397,69.34507631435247) (-92.33033807295618,-75.12499092365871)
2 (-112.70222363769395,27.99727288982613) (118.20634466096118,-12.004892329368296)
3 (72.5654933985712,92.0789075623581) (44.01466264532412,-111.3779053927609)
4 (-95.47476842892361,-60.788431639661944) (29.244486933061836,-118.96182195582499)
5 (-134.26364726271646,-50.973074448235906) (99.7250459561403,-94.49739492605687)
6 (-104.1297856984693,-29.799313453212573) (-58.96113406634022,-128.86292584811716)
7 (-28.404001950339143,-102.29795718767912) (40.21122905990477,-24.48687561759276)
8 (-49.86880214781615,129.0988293326396) (-110.38706126053377,24.585184233149683)
9 (60.43552027375198,-112.92372531072795) (-67.15530590044226,118.8255104254879)
10 (-46.24626254468161,-110.50915624358271) (1.516379683424086,125.56842267495621)
11 (48.78953783997682,-52.7641464008818) (-33.05640187196259,-71.16503391529939)
12 (-138.39899384993748,-47.18601643536184) (29.383028438354373,67.98666509755452)
13 (-85.87124741304562,-34.721200442913116) (95.56466672028901,-19.466712454594692)
14 (-118.73012096278384,7.64127659176943) (-2.964557768712957,-54.17137097583591)
15 (21.499504118805564,-42.3617010660976) (8.085627441507176,-111.1961569711402)
16 (37.153400572855965,113.19136719135696) (-82.01514543331453,1.6088215282790468)
17 (-78.60150882821861,4.369474546208995) (-71.01638524761654,-58.99277217492141)
18 (-79.29539931491877,106.99591034056982) (109.14696400246135,46.52498855113758)
19 (102.04623387002637,55.532252356200246) (-94.3373104364488,89.25306170631389)
20 (57.35892041520804,-47.15623390226543) (-75.7432599549803,-117.92932326485732)
21 (-28.743098375399356,-16.58768886247789) (79.53399254273303,99.2605968299106)
22 (-76.96105608099752,97.68123039660516) (-88.68448421669581,-108.71166827528491)
23 (85.6302164519721,-118.88875111054072) (22.357761087426113,-106.66674199347551)
24 (73.3149749642695,54.77498392189845) (-115.41504476017572,-26.39600167858206)
25 (107.39076913163365,91.08549923367251) (78.30111068270253,-20.988989753558112)
26 (-57.16677256085596,36.90815134805369) (-128.12777307250812,-76.1343074440733)
27 (-55.33757335677518,-30.070327056643883) (9.832956629428956,10.180961345920874)
28 (-82.54137655853798,46.88858299421432) (21.230847844371194,63.62953970581545)
29 (62.99070815153172,-111.13067499046775) (-22.534669817141022,3.670388708789392)
30 (139.7984082423316,10.166975913362956) (35.92249903645813,-33.4916013283135)
31 (-19.09322705246232,27.411447546475216) (-18.059206963093985,-106.63209895313297)
32 (-77.231428225777,41.657425043056634) (21.103348029480006,57.38932141802902)
33 (131.0541116393919,-40.895720843855635) (28.37172334306568,5.691121474375866)
34 (-38.79948959477117,124.67188201978696) (87.44529423210655,-110.6648520438744)
35 (45.261193844848286,-12.585236841090722) (-37.37035710535655,73.73477617002979)
36 (18.015392129015193,73.11733963379139) (-69.7859470329617,97.99483859496611)
37 (-108.81380346056548,68.66120993438483) (36.51315235957033,-47.14677848524753)
38 (56.74165260850375,39.14742693186477) (-77.77989695914601,-23.151869983801607)
39 (126.70934071246856,11.598315630923913) (70.68941456171459,-31.480301268647654)
40 (-49.12846933628018,135.5733738325404) (-116.78697508738136,-76.12766134913453)
41 (111.80895008960022,45.79178103228627) (82.73049345808347,-92.6812037854762)
42 (-11.765798218034956,72.43823782161209) (-90.03833911148436,-85.76160021643041)
43 (-14.090753823605947,-136.38528712032917) (-77.13902070582806,39.563353483549044)
44 (-114.83565268163176,86.06963239727185) (30.64067014138611,138.935232473633)
45 (-68.27559533490259,56.16651609588343) (-60.9420407298134,-50.034669974245794)
46 (-115.6764268924686,-18.14478303826459) (12.847577535509846,-2.854401107079632)
47 (-78.32591462791157,-87.83367952296746) (92.79953583132995,-84.42888892841262)
48 (-88.24445210448854,-15.808756790703946) (-121.41861229815834,63.83541905245994)
49 (55.352996456069725,120.99270981739105) (65.90517845043783,34.33221292307245)
50 (-5.60175799822789,100.64149953513177) (52.246980344129135,-82.89396489916794)
51 (21.434436322727702,7.892214566408596) (109.40085750301998,-94.08429402598229)
52 (117.0804517301269,-34.14740111710698) (98.9867523799088,-4.040065531441638)
53 (16.845751451371015,-43.821869752441124) (125.8003291290777,-21.03102272341075)
54 (-3.860158140369056,107.89734026254203) (61.78786781660393,-8.122556589370568)
55 (11.222857338679082,18.262615321801977) (-107.5625890452683,-61.9304257158822)
56 (2.5035948003160224,-140.49568186849342) (-110.40201236074167,-33.655720554243864)
57 (-44.20814010172261,137.43117977728176) (-145.81799347127165,0.6551193649975784)
58 (134.46940530951596,29.426779568119905) (-63.91169381674544,-128.7666730903954)
59 (-87.66809385232854,102.28865635707712) (-55.15837207173423,-63.573221287477)
60 (-76.96913368942454,-34.8839629588067) (54.61683976313603,-43.08959094122248)
61 (-79.96941721056218,76.81844071389114) (-58.00552578755174,13.863276106613695)
62 (-92.12714660530077,-116.43669359143792) (-81.62868982090038,-66.91413344507895)
63 (4.402348646027307,-29.478936250832415) (86.6909468225846,87.37737527923215)
64 (-131.8249692235114,18.242168888145855) (102.46890807660733,-24.226695941447865)
65 (111.97718619922233,1.2975980874633035) (9.068061167397817,-84.7261635185895)
66 (82.18520691449683,-75.52974661340774) (73.11220994261154,67.30135407691665)
67 (28.625388061545692,69.95977220380688) (60.616744690348604,-41.49083975358745)
68 (-108.27997474048267,-98.23591419598317) (23.096187481361362,-59.33994611517083)
69 (93.10870238427654,110.97133544752249) (-0.9179417668263247,-14.161680617945654)
70 (-3.6207426863363117,58.648425708575836) (-92.14904255445522,78.8564156054827)
71 (100.41528376115753,-71.03890325054556) (2.270011524052436,-36.10337423294923)
72 (44.45926874372847,12.691990966159) (63.07342326898938,32.90326242729659)
73 (-134.65842549818348,24.764029313956073) (54.61284537483102,87.6617887840163)
74 (31.69412090809208,-10.018670619250637) (-66.3122315124616,94.96051302444226)
75 (-92.92384656196668,34.33361611764725) (-50.884525070602194,114.34114365845633)
76 (-77.50609133623081,27.797996890352575) (66.78097936366663,-16.969277210359486)
77 (-56.852051867284956,-83.6993548353024) (4.065662277371903,-129.0991868755479)
78 (-76.72447381094001,9.098185078210536) (104.80834494357178,9.422614354511296)
79 (109.28606080563274,98.44339667905872) (6.731847100236048,-115.84813784100042)
80 (21.926541999344398,-25.25889244433813) (66.80006289084312,81.81168751626238)
81 (-117.63165444686341,68.17334900109589) (119.74522064942265,43.935627819698425)
82 (70.07627109448084,-66.32138458310813) (-18.719901735118487,-24.592004922651494)
83 (84.94085568965615,1.6338544831533224) (-82.43204631385801,-47.50847123844654)
84 (-135.8121583473299,-7.09230844338172) (-142.91104549111427,-3.9228978080815917)
85 (101.71725674200158,-60.7498295047263) (57.677735398374416,41.636293134338935)
86 (109.66829802654799,-13.459516765511577) (96.6513490135854,50.06169471243226)
87 (53.68305785899165,23.251812933129873) (-69.30102364101133,-52.30295268341602)
88 (-24.50808448258951,-36.67189742603966) (-132.5385666222604,-28.57311536699624)
89 (31.135999406433875,-70.35271924804543) (-67.02683237221252,8.358587362913243)
90 (23.77013954958676,-27.33036802584478) (-9.143096387219613,-2.465396331272858)
91 (-16.066917749682467,-32.25993633083393) (109.43982626731638,29.758941077675217)
92 (38.026384315917745,37.80389599422351) (-30.33706392706871,-133.4605950031103)
93 (46.08937129045558,112.91701297451262) (49.43432538646548,-106.1575711116136)
94 (25.023337404276237,88.52755136403249) (-6.724757568924065,-103.33519743412185)
95 (48.57207028498279,82.18574344998794) (38.125361411108,-49.85656513198254)
96 (-135.53327643957212,-10.114424227114014) (0.777366756335472,-149.1544446228876)
97 (-59.75308820065435,13.240385194534769) (-59.57580622426543,128.6962897825495)
98 (-37.38052624755583,142.25383055745897) (12.36936396238881,17.588359811052417)
99 (106.28612916504223,26.07150219247916) (78.02238744391227,9.701160745782493)
100 (132.84838473035373,-2.9553538859948185) (100.93661086458302,-101.13909547431861)
101 (27.883218587837657,-142.74557802432184) (40.48924542962945,2.0095996424788027)
102 (23.497919948561467,73.04977210356327) (82.20260083071649,115.08544569693683)
103 (-77.05835270805088,-95.52848803516895) (105.24247024441227,-42.04220995526243)
104 (53.20025619941185,-48.96193006833335) (-103.99444490216533,33.55099230037987)
105 (-14.610292085697195,-57.89719806232259) (61.303119452564324,75.97444768454862)
106 (70.34034750308344,77.61044801282573) (70.49327535447507,6.1783879858409305)
107 (59.0926752746765,130.89456658690975) (-101.8039482278637,-76.1329738355165)
108 (-98.39285998409366,84.80452150598236) (-58.67884635791655,36.78684777782736)
109 (73.35263561684668,46.36456289111592) (-123.36848615215258,18.927473336834296)
110 (-99.43260705879229,79.00313023341593) (28.81818853425754,-10.60422137383912)
111 (-52.08263199961918,74.31415534183503) (13.866059525824845,69.17539253715512)
112 (-92.66309650471345,-15.62875997304172) (66.0152351226535,-71.55598974352093)
113 (11.117754609655817,-125.31338650208082) (4.754212311196027,136.0713081434942)
114 (-20.480473036455102,78.2702493721397) (-49.93612924185976,58.84803562528735)
115 (-65.60048144373484,52.76717652980944) (19.770790180326504,66.49450760471443)
116 (68.26158065345739,25.768998634800653) (36.758884052220644,0.8773208660196472)
117 (2.599949659940049,-5.226170403820346) (27.075501439688846,-26.817304151150946)
118 (-3.3690966067032773,127.3325519940948) (59.012923918510495,-67.89190343719923)
119 (-19.42894813260815,28.440505473687384) (79.0298188487028,-110.07006064894072)
120 (-72.42060793328277,-63.09857892042609) (-112.63667315021779,-30.43301806526746)
121 (-139.57207911354226,-51.27861813690319) (29.862279591106347,-38.884709925054146)
122 (-34.70892390986661,140.25255533026348) (-51.89706964388726,-131.8993569780564)
123 (47.05940549693138,-26.074083418929547) (-130.00793051033455,70.55623037730143)
124 (88.85355833198928,83.24658779028344) (-72.84712138419397,126.85386236496164)
125 (28.611979842130264,-137.5977712993309) (-60.582111351788114,117.94260550214311)
126 (-19.070556768261664,144.28856613532852) (33.50741750385811,67.46647738067128)
127 (-14.890828564901748,-41.66476273963246) (-23.759646688139235,67.4053970275338)
128 (-93.87248566039389,96.08084714580455) (62.3874153451127,86.75789645247391)
129 (122.41637801043086,85.24790547960671) (-82.66834773310335,20.3989474065712)
130 (52.89263054111772,128.48986377921378) (44.83148223236341,-123.54139194545101)
131 (-71.69411011732423,-131.4173470039686) (75.47504247675407,118.15490473407188)
132 (-34.99014919540793,10.342330703089566) (-1.413154927732327,-42.22837091621865)
133 (30.552123527752336,-44.32844887718356) (56.74117599715282,-66.89140588618127)
134 (32.87513884245222,-101.2963733131166) (-26.35740857184528,141.4279447067202)
135 (-75.8437079719943,-7.285337705407134) (-89.71274542402905,-30.677383997735248)
136 (26.386060555641226,121.74954456651079) (77.96422796231853,116.39139832807624)
137 (-78.00915567716409,-115.49392669369462) (-44.10890667309542,-99.36488764892879)
138 (74.4746552068676,51.638242643723125) (23.180460590562163,-102.58339107572411)
139 (-149.2106371094991,7.201396722625747) (-109.70697430293137,73.04888183246275)
140 (-91.37771518650497,-44.22219114169372) (-85.88289604578883,83.92142025028429)
141 (-80.48244122482916,-18.37043287913682) (-65.36113350946802,48.72355757225978)
142 (107.15280644458127,101.49770843837216) (-136.565323268091,-41.13671377742915)
143 (78.903674693206,116.24923925791599) (-105.09323710644306,-41.66800682516877)
144 (121.93263945217355,80.94435681045583) (-84.55854438793523,-111.67500724336699)
145 (-3.4549178634655617,7.409980790069304) (85.02528915318578,35.65040342966459)
146 (14.808578759353583,43.810304000168735) (88.18023744733648,58.56722117688449)
147 (-80.31513023962405,-88.89220950200713) (132.7059129156487,19.70359515337453)
148 (133.84720737788354,-38.93939348986058) (24.912342724770273,-14.829805021744226)
149 (-29.37586953899154,-104.07458317619293) (67.1948121057081,61.31101466487581)
150 (100.21852682739943,-29.520636990481812) (-40.691666230904346,105.4416774373667)
151 (-103.69321902380868,76.78531380582479) (25.723011975384143,-142.36648223710637)
152 (33.47669282237773,86.17852155668656) (123.70376465656754,-74.99543700396691)
153 (28.808733165413976,-30.85365270639734) (-105.4894436052053,-99.27452822813106)
154 (-52.63645940330088,-110.68684382769551) (79.91072714191397,-34.05243940143487)
155 (22.183084961572586,4.976698653681101) (72.64151620274593,107.36581249189804)
156 (146.11045894333802,-5.272436674341202) (-29.653838888954308,40.326041934469814)
157 (-32.98264466174144,-94.09364237754345) (93.0145850594419,-112.88097855725324)
158 (-56.853921322953134,95.39333489278849) (20.235294195982632,89.49343478265664)
159 (-110.58943982668134,54.13047774839643) (-34.561160956151646,-51.380022511384794)
160 (-72.14621987463335,-28.924781970522087) (124.06823134629107,-12.521741142611562)
161 (-38.07915413570796,21.975644986520095) (69.09893628954877,-42.63636723933145)
162 (30.411060987595715,-59.497322768399826) (114.09743259999529,16.65945464999403)
163 (20.768592057299212,32.247441778057876) (121.43145792432696,2.1202344187242357)
164 (-110.97264896544631,-77.26892775969523) (10.888578286635045,-4.9328888804715385)
165 (85.3761801334529,52.93153859016042) (23.35489466084836,-132.65474248063757)
166 (40.57971648762135,71.99274518417937) (-48.211762355393816,9.96090217389771)
167 (94.90074810776788,95.60160212822768) (-85.6139767384899,-25.702519930843312)
168 (111.3789760404446,42.13639221722874) (-91.90620482628809,-111.5050584144888)
169 (-54.67104214794035,-80.70835316241765) (-98.29599713468039,64.99797125725075)
170 (63.75626515627384,54.1355601757878) (75.70770248098451,-17.48475876775019)
171 (-26.547494530741204,11.094784838446627) (-110.01236070739132,-2.6611364114392257)
172 (111.50419559869783,42.592930193365824) (-9.652391445363248,28.94424996615591)
173 (2.083528403262252,110.68020819992299) (35.20224552478665,-112.33608796737954)
174 (105.5794281111129,-40.116388442125896) (-86.50253005314873,77.24525311490603)
175 (78.75748152014731,20.878147004910726) (101.61986289030988,-30.30678450333786)
176 (122.38334173404058,12.540152396469466) (22.24434934812613,15.324271729024176)
177 (-84.23166546764391,-54.90158493406409) (49.329708926072776,64.05706022389316)
178 (-102.3253901944033,-107.79362896060638) (37.80046969962043,-92.88365352391044)
179 (-120.0562271475274,0.36378977210666286) (52.135232568067345,-17.713753631877623)
180 (-58.65905943419937,-114.52386514970965) (-60.12729614440154,58.63654221834957)
181 (-63.67917342033991,63.9561404000632) (-67.80858752215208,-88.56907076562133)
182 (40.93259499013359,-27.472974534389593) (41.347685849791205,-126.29681461185746)
183 (-123.69922318121161,-29.073838763863453) (58.86748192586033,-116.4610726104106)
184 (-50.07102969787482,19.189930722546595) (42.330155847471424,-63.004681332938546)
185 (98.34497964466362,-80.46454587057575) (-88.62523438324148,11.3328997667491)
186 (103.50392092192217,88.9810339289202) (39.57165602499177,39.941064038451124)
187 (-56.52875333603723,-5.827174835028301) (120.48198135935304,-41.749994956915614)
188 (-73.61082168990481,99.91792797963492) (-20.54366280088608,-102.91175481597517)
189 (-37.908511527533896,30.095275906093498) (-116.85905046047702,-20.881974435959105)
190 (119.26075629441603,16.11427744615882) (-105.1937653917395,-17.40428403216008)
191 (-30.151859961765297,31.872648717741242) (-17.01086937540995,-102.77576526813743)
192 (23.420952026398353,-43.890234517989576) (-59.53341512098699,-5.185604174428941)
193 (-43.224998667513084,45.96328662627987) (-94.4156171716666,-113.65407858905168)
194 (-99.62357986437381,-89.20409788343832) (70.87571329616748,71.23784821172396)
195 (-24.449964423864458,-20.26701840327178) (-28.16047635663795,-42.9366780856887)
196 (19.80221203382826,-120.35111541435279) (-63.00342641766218,78.0204560270677)
197 (-105.58629075172612,67.68199144848802) (83.59443193616735,48.48792602153965)
198 (-34.27852450707218,-67.7623018384438) (109.69958123495606,-4.972857397070367)
199 (-118.64581734022573,88.83894441079224) (-6.319871801347917,-46.417469074075015)
200 (-77.07825890089333,57.675543645718115) (-59.70400357758069,102.64197249608148)
